w=[[3.2660470008850098,0.08729133754968643],[0.09105804562568665,4.666468620300293],[0.03274819254875183,-16.454641342163086]]
W=[[0.01088994275778532,-3.610659599304199,10.733226776123047],[-8.830424308776855,3.5163583755493164,-8.390685081481934],[8.016100883483887,-0.20753882825374603,-8.362018585205078]]
theta=[8.164213180541992,0.5017130374908447,-2.301950454711914]
phi=[2.5047755241394043,-1.6086006164550781,3.6782689094543457]
output_order=["A","P","Q"]
